[test mse, test mae]

mm00:
snap 017:
TF_MLP6-8_logn_mm00: [2.1470559659064747e-05, 0.003391590667888522]
TF_CNN6-8_logn_mm00: [3.327368904137984e-05, 0.003374980529770255]
TF_EncDec6-8_logn_mm00: [1.5170417100307532e-06, 0.0007986478158272803]

snap 07*:
TF_MLP6-8_logn_mm00: [4.263576920493506e-05, 0.0037745016161352396]
TF_CNN6-8_logn_mm00: [1.1384110621293075e-05, 0.0022957471664994955]
TF_EncDec6-8_logn_mm00: [5.746744022872008e-07, 0.0004978934885002673]

mm20:
snap 07*:
TF_MLP6-8_logn_mm20: [0.00041729543590918183, 0.01214014645665884]
TF_CNN6-8_logn_mm20: [3.6477664252743125e-05, 0.004146074876189232]
TF_EncDec6-8_logn_mm20: [1.295180027227616e-06, 0.0007634244975633919]

snap 101:
TF_MLP10-8_logn: [0.00022708866163156927, 0.008589224889874458]
TF_MLPD10-8_logn: [0.047837525606155396, 0.15663637220859528]
TF_CNN10-8_logn: [0.00015051179798319936, 0.0053660632111132145]
TF_EncDec10-8_logn: [1.8499746147426777e-05, 0.0022437353618443012]

mm30:
snap 07*:
TF_MLP6-8_logn_mm30: [0.0006926378118805587, 0.013320640660822392]
TF_CNN6-8_logn_mm30: [0.0002813971077557653, 0.006635633297264576]
TF_EncDec6-8_logn_mm30: [6.756188668077812e-05, 0.00274158944375813]

mm30c20n20o20:
snap 07*:
TF_MLP6-8_logn_mm30c20n20o20: [0.0003001017030328512, 0.01033095270395279]
TF_CNN6-8_logn_mm30c20n20o20: [0.0003904089389834553, 0.009962935000658035]
TF_EncDec6-8_logn_mm30c20n20o20: [2.672023038030602e-05, 0.002451937645673752]

mm30c20n20o04:
snap 07*:
TF_MLP6-8_logn_mm30c20n20o04: [0.00010195082722930238, 0.005396557040512562]
TF_CNN6-8_logn_mm30c20n20o04: [0.00019207799050491303, 0.007617338560521603]
TF_EncDec6-8_logn_mm30c20n20o04: [7.364920293184696e-06, 0.0015390705084428191]
